step T[K] H[J/g] Nco2[mmol/g] Nch4[mmol/g]
stepI 322.7246846166252 51.60993202663672 0.5315045311419077 2.283787330147267
stepII 353.1752461565068 75.48537249093258 2.977043798394703 0
stepIII 292.05620094282637 27.764915181160347 1.1618529072248476 0
stepIV 263.15 6.065203681526699 0 0.3745260088738253

effective amount adsorbed of CO2 [mmol/g]: 0.5315045311419077
working capacity [mmol/g]: -0.6303483760829399
selectivity [-]: 5.348885017966906
regenerability [%]: -118.5969900818478

T[K] NcI[mmol/g] NmI[mmol/g] NtI[mmol/g] NcII[mmol/g] NcIII[mmol/g] NcIV[mmol/g] NmIV[mmol/g] HI[J/g] HII[J/g] HIII[J/g] HIV[J/g] intCp[J/g]
200 8.7477721599381 3.9848747823754254 12.732646942313526 14.964900141560705 11.71425681173272 0.0 3.2425678416495214 286.98761447980587 336.70527379542824 274.0686711731685 53.76374847331246 -35.55203430654118
201 8.647969307205981 4.049658848718362 12.697628155924344 14.952053053440212 11.65310348022221 0.0 3.128377263282438 285.8812708177181 336.6504869342069 273.1471408781511 51.881330978852546 -34.96584535754643
202 8.548231227415235 4.113720978991946 12.66195220640718 14.938894542907079 11.590702314057943 0.0 3.016729175724127 284.7474898952892 336.59349924286676 272.19948530579023 50.02745286287912 -34.37720022583568
203 8.448582757204925 4.1770167277445065 12.625599484949431 14.925416646728822 11.527018643716518 0.0 2.9077819536158236 283.5839847206152 336.53387640267255 271.22004695778446 48.215172794397944 -33.78610236464493
204 8.349047630935624 4.239502470336635 12.58855010127226 14.911611183472502 11.462016599551339 0.0 2.801671521385219 282.3910254953667 336.4714971021267 270.2076448732671 46.44734978035665 -33.19255527631418
205 8.249648540472135 4.301135374426061 12.550783914898197 14.897469747749888 11.395659060095095 0.0 2.6985105683461894 281.1688935565008 336.40623443362233 269.1610502295369 44.726407807262916 -32.59656251973943
206 8.150407120953762 4.361873426829906 12.512280547783668 14.882983704357404 11.32790760525001 0.0 2.59838834916722 279.91787973286654 336.33795563993823 268.0789843658546 43.05432926063445 -31.99812771782468
207 8.051343953657303 4.421675446907576 12.47301940056488 14.868144182313035 11.25872246717273 0.0 2.5013710289788915 278.63828261573656 336.2665218501843 266.9601167659109 41.432659037670675 -31.39725456493393
208 7.952478572469998 4.480501096541008 12.432979669011006 14.852942068792547 11.188062480076786 0.0 2.40750250967196 277.3304068974081 336.1917878048723 265.80306298352485 39.862518158767855 -30.79394683434318
209 7.85382947020176 4.538310889949375 12.392140360151135 14.837368002968015 11.115885029145641 0.0 2.316805658245112 275.99456175656866 336.1136015697909 264.60638252157156 38.34462536854544 -30.18820838569243
210 7.755414115071526 4.595066194162856 12.350480309234381 14.82141236975194 11.042145998805525 0.0 2.2292838496114604 274.6310593417251 336.0318042383658 263.36857667191856 36.87932504289481 -29.58004317243768
211 7.657248976245804 4.650729223546075 12.30797819979188 14.805065293450589 10.966799720674054 0.0 2.1449227345263644 273.24021314233596 335.9462296221941 262.08808632626705 35.46661967528892 -28.96945524930293
212 7.559349472921502 4.705263088277395 12.264612561198897 14.788316631330684 10.889798921545705 0.0 2.0636921471352374 271.8223365742885 335.85670392944724 260.76328952801003 34.106205262432525 -28.356448779732176
213 7.461730135382117 4.758631687350524 12.220361822732642 14.771155967104036 10.81109461589375 0.0 1.985548069914152 270.37774179926134 335.76304543084893 259.39249999008354 32.79750817877719 -27.741028043341426
214 7.364404486525551 4.8107998050113014 12.175204291536852 14.753572604335096 10.730636336200693 0.0 1.910434622588982 268.90673819267846 335.6650641129453 257.9739646888962 31.53972212447181 -27.123197443370678
215 7.267385137237396 4.861733049914397 12.129118187151793 14.735555559776827 10.648371523502059 0.0 1.8382859323273888 267.40963103911133 335.56256131839916 256.50586047722015 30.331844010402282 -26.502961514135926
216 7.170683801533236 4.911397851964609 12.082081653497845 14.717093556640835 10.564246042198072 0.0 1.769027970601753 265.8867204424699 335.4553293730582 254.98629323337565 29.172708221305648 -25.880324928481176
217 7.074311315971816 4.959761455035888 12.034072771007704 14.698175017808042 10.478203859629943 0.0 1.7025802246662114 264.33830013844306 335.34315119956585 253.41329619027155 28.06101852730584 -25.255292505230425
218 6.978277683276514 5.006791891269178 11.985069574545692 14.678788058986713 10.390187066125195 0.0 1.6388572296013777 262.76465645466004 335.2257999173074 251.7848274000819 26.995377156941053 -24.627869216639674
219 6.882592096768185 5.05245796834417 11.935050065112355 14.65892048182495 10.300135846369628 0.0 1.5777699390440434 261.1660673034965 335.10303842850936 250.0987684112045 25.9743109337954 -23.998060195848925
220 6.787262973815576 5.096729249396798 11.883992223212374 14.638559766985288 10.20798845999298 0.0 1.519226937230798 259.54280122846524 334.9746189903395 248.35292346809868 24.996294494810048 -23.365870744334174
221 6.692297991671984 5.139576030491842 11.831874022163825 14.61769306718928 10.113681335787426 0.0 1.4631355166264528 257.89511654178597 334.84028277288854 246.54501786504352 24.059770438953088 -22.731306339359424
222 6.59770411459555 5.180969329573569 11.778673444169119 14.596307200240522 10.017148718140385 0.0 1.409402533209191 256.2232605430046 334.69975940295024 244.6726968179849 23.163166548330324 -22.094372641428674
223 6.5034876717879255 5.220880803401259 11.724368475189184 14.574388642034481 9.918323175614947 0.0 1.3579352215196403 254.5274687953429 334.5527664935558 242.73352709848297 22.304910577751315 -21.455075501737923
224 6.409654310881099 5.259282843282027 11.668937154163126 14.551923519564106 9.817135357866258 0.0 1.308641806748264 252.807964454199 334.39900915926444 240.7249977657509 21.48344252924293 -20.813420969627174
225 6.316209129758548 5.296148413341783 11.61235754310033 14.528897603930316 9.713514137400505 0.0 1.2614320307317302 251.06495774551536 334.23817951725806 238.64452115152517 20.69722464880851 -20.16941530003242
226 6.223156660400947 5.331451114348437 11.554607774749384 14.50529630336622 9.607386718979292 0.0 1.2162175704891116 249.29864541477258 334.0699561743395 236.48943603742723 19.944749557509553 -19.52306496093767
227 6.13050090363947 5.365165133624247 11.495666037263717 14.481104656284627 9.49867879021975 0.0 1.1729123667048549 247.50921033365807 333.8940036999896 234.25701185550727 19.224546652536723 -18.87437664082692
228 6.038245429616629 5.397265190374642 11.435510619991271 14.456307324357617 9.387314722088572 0.0 1.1314328741053004 245.69682132926252 333.70997208569787 231.94445451756135 18.535187024897258 -18.22335725613617
229 5.9463933612911966 5.427726539719126 11.374119901010323 14.430888585637407 9.273217829594982 0.0 1.09169824481507 243.86163285854386 333.5174961908428 229.548914211665 17.87528710412781 -17.570013958705417
230 5.8549474280533875 5.456524963753877 11.311472391807264 14.404832327727025 9.156310704835436 0.0 1.0536304547982447 242.0037848542277 333.3161951754649 227.06749556431092 17.243511221900242 -16.914354143230668
231 5.7639100436078206 5.483636682193222 11.247546725801042 14.378122041009174 9.036515636683196 0.0 1.0171543824595115 240.1234028318622 333.1056719203456 224.4972706349788 16.638573197826126 -16.256385454715918
232 5.673283304296844 5.509038424063326 11.18232172836017 14.35074081194114 8.913755133821624 0.0 0.982197830792929 238.2205980430721 332.88551243487586 221.8352952871938 16.059237435591907 -15.596115795925169
233 5.583069074589575 5.5327073299196945 11.115776404509269 14.322671316422676 8.787952570543837 0.0 0.9486916143800257 236.29546771746743 332.65528525327386 219.07862951646499 15.504319159833472 -14.933553334834418
234 5.493269017579201 5.554620974838236 11.047889992417437 14.293895813243324 8.659032968710294 0.0 0.9165693841489875 234.34809548923948 332.41454081978884 216.22436269626658 14.972683832934331 -14.268706512083668
235 5.4038846486342695 5.574757349865371 10.97864199849964 14.264396137614515 8.526924002814336 0.0 0.8857677284135449 232.3785520159276 332.16281086360544 213.2696441787092 14.46324681656659 -13.601584048428919
236 5.314917387796232 5.593094855483383 10.908012243279614 14.234153694790432 8.391557072308705 0.0 0.8562260546160069 230.38689575221775 331.89960776424283 210.21172028291636 13.974972534630112 -12.93219495219417
237 5.226368613580494 5.609612301056542 10.835980914637036 14.203149453780831 8.252868803170953 0.0 0.8278865225610825 228.37317392569463 331.624423908323 207.0479790967672 13.506873074328185 -12.260548526723419
238 5.13823971868907 5.624288910915475 10.762528629604544 14.171363941157084 8.110802610758972 0.0 0.8006939654103427 226.3374237486468 331.3367310386618 203.77600360508154 13.058006836819926 -11.58665437783267
239 5.050532173225397 5.637104335500106 10.687636508725504 14.138777234951352 7.965310731513059 0.0 0.7745958012617665 224.279673841827 331.0359795967145 200.39363470964858 12.627477022119045 -10.91052242126192
240 4.9632475775545375 5.648038674031096 10.611286251585634 14.105368958647093 7.816356496840697 0.0 0.7495419399052926 222.19994588877643 330.7215980594847 196.8990451860352 12.214430010460088 -10.23216289012717
241 4.876387728608525 5.657072512508137 10.53346024111666 14.07111827525712 7.663917022975027 0.0 0.7254846865931185 220.09825668574032 330.39299227207823 193.29082546491315 11.818053684511199 -9.55158634237242
242 4.78995470563143 5.664186946317217 10.454141651948648 14.036003881483596 7.507986303629154 0.0 0.7023786443254484 217.97462043562888 330.0495447771556 189.56808245987224 11.437575700185027 -8.86880366822167
243 4.703950912526757 5.669363650586516 10.373314563113272 14.000004001952451 7.348578733625061 0.0 0.6801806108856433 215.82905128474277 329.69061414260057 185.73055182167894 11.07226182719718 -8.18382609763092
244 4.618379172533233 5.672584941666419 10.290964114199653 13.963096383512536 7.185733068700919 0.0 0.6588495054558383 213.66156635366934 329.3155342887864 181.7787236457163 10.72141423400026 -7.496665207740168
245 4.53324280404834 5.67383384924175 10.207076653290091 13.925258289588124 7.019516799176865 0.0 0.6383462279706004 211.47218903891314 328.92361381687516 177.71398086448139 10.38436969908724 -6.807332930325419
246 4.448545683380243 5.673094226565716 10.121639909945959 13.886466494571515 6.850030896383802 0.0 0.6186336052089177 209.26095269945205 328.51413533963887 173.5387482652309 10.060498046262351 -6.1158415592506685
247 4.364292359410041 5.670350844162363 10.034643203572404 13.846697278241047 6.677414789663447 0.0 0.5996762845790311 207.02790494795016 328.0863548163351 169.25664852764945 9.749200582697009 -5.422203757919917
248 4.2804881347351476 5.665589521329576 9.946077656064723 13.805926420188474 6.501851459075286 0.0 0.5814406457217685 204.7731121545008 327.63950089321145 164.8726599502964 9.44990848918247 -4.726432566729166
249 4.197139128354421 5.658797290681776 9.855936419036198 13.764129194239281 6.323572363933825 0.0 0.5638947161749622 202.37854333084348 327.1727742512504 160.3932679608539 9.162081330573228 -4.0285414105184145
250 4.073482973753024 5.686878420689476 9.760361394442501 13.721280362849138 6.142861890240167 0.0 0.5470080892828525 199.9625843674669 326.6853469628002 155.82659991707882 8.885205619701388 -3.3285441060236636
251 4.031836125835279 5.639075183083274 9.670911308918553 13.677354171460625 5.960060902361609 0.0 0.5307518454361129 197.76109440260177 326.1763618587734 151.18253033577773 8.618793436564337 -2.62645486932891
252 3.949899458378548 5.626126938564163 9.57602639694271 13.632324342806138 5.775568908015746 0.0 0.5150984766829666 195.538273900714 325.6449319081318 146.47274151804893 8.362381107628973 -1.9222883233181633
253 3.868452893797842 5.611111463145747 9.47956435694359 13.586164071145916 5.589844298249708 0.0 0.5000218147102924 193.17678339968936 325.09013961142307 141.71072342149526 8.115527945246207 -1.2160595051274115
254 3.7875082175165233 5.594024655227251 9.381532872743774 13.53884601643467 5.4034021276883415 0.0 0.48549696216072585 190.7946511379653 324.51103641019137 136.9116971513037 7.87781504656186 -0.507783873596658
255 3.7070786633424215 5.574864860115101 9.281943523457523 13.49034229841689 5.2168089777310485 0.0 0.4715002272261719 188.3922389837422 323.90664211416515 132.0924492347734 7.648844150838233 0.2025226832780902
256 3.627178953982151 5.553633228698983 9.180812182681134 13.440624490659484 5.0306746137633755 0.0 0.4580090614385343 185.96997898473757 323.27594434822885 127.27106932775185 7.428236541161612 0.9148438408928428
257 3.547825425807108 5.530333936451284 9.078159362258392 13.389663614541664 4.8456404095525745 0.0 0.44500199748485236 183.52838100635938 322.61789802133296 122.46659216070553 7.215632045979791 1.6291628305835957
258 3.469036097736265 5.504974495055728 8.974010592791993 13.33743013323641 4.662364851096252 0.0 0.43245860708719724 181.06804047880402 321.93142481969136 117.6985547215629 7.010688064946181 2.345462432174344
259 3.390830718121262 5.477566106489922 8.868396824611184 13.283893945735707 4.481506804385912 0.0 0.4203594236232905 178.5896459827067 321.21541272687733 112.98649054252273 6.813078579473005 3.0637249665250934
260 3.313230819717413 5.44812392858898 8.761354748306392 13.229024380993673 4.303707573820994 0.0 0.4086859104246633 176.0939865241776 320.46871557377403 108.34939261840611 6.622493308771098 3.7839322880798463
261 3.2362597832079887 5.416667376328093 8.65292715953608 13.172790192288621 4.129573018237454 0.0 0.3974204076297243 173.58195840418642 319.69015262178357 103.80518289982594 6.438636913133749 4.506065777414598
262 3.1599427882297504 5.3832204639615 8.54316325219125 13.115159551937028 3.9596570692520054 0.0 0.38654608692971043 171.05457136986337 318.87850818327263 99.37022764961421 6.261228185357888 5.230106333785351
263 3.084306860624638 5.347812030190247 8.432118890814884 13.05610004653074 3.794447852076739 0.0 0.3760469082061921 168.51295393846962 318.0325312839597 95.05893494195696 6.089999306009247 5.956034367676104
264 3.0093807889268267 5.310476021501901 8.319856810428728 12.99557867291407 3.634357531184253 0.0 0.36590757932374535 165.95835758197768 317.1509353728598 90.88346026972742 5.924695142792215 6.6838297933468525
265 2.9351950711289017 5.27125170140262 8.206446772531521 12.9335618351703 3.4797159923297625 0.0 0.35611351777249933 163.39215959796232 316.232398086411 86.85353313452927 5.765072589170837 7.413472021381601
266 2.8617818118735694 5.230183810886578 8.091965622760148 12.87001534291742 3.3307688790896135 0.0 0.34665081436895545 160.81586455313456 315.2755610753927 82.97640778279153 5.610899938037054 8.144939951236353
267 2.7891745781908615 5.187322722437127 7.9764973006279885 12.804904411510227 3.187679510378002 0.0 0.3375061989202638 158.23110395412468 314.27902990406125 79.25692733134329 5.4619562898934575 8.878211963787102
268 2.7174082274759908 5.142724475779076 7.860132703255067 12.73819366417027 3.050533885119128 0.0 0.32866700774819213 155.63963399456213 313.2413740411625 75.69767973423345 5.318030993734715 9.613265913877854
269 2.6465187090800226 5.096450786121379 7.742969495201401 12.66984713935515 2.919348099163254 0.0 0.32012115297318 153.0433313435767 312.1611269163415 72.29922153463706 5.1789231188366385 10.350079122868607
270 2.576542810076014 5.048568971445332 7.625111781521346 12.599828288636388 2.7940772400573572 0.0 0.3118570934631318 150.44418679298454 311.0367861221618 69.0603450611226 5.0444409557411545 11.088628371183354
271 2.5075178869390635 4.9991517993608765 7.50666968629994 12.528100010385524 2.674625143624055 0.0 0.3038638073559281 147.84429675264698 309.86681379260096 65.97836390472499 4.914401544805395 11.828889890858107
272 2.4394815611932117 4.948277257578349 7.387758818771561 12.45462464856435 2.560853794750783 0.0 0.2961307660689373 145.24585266745652 308.64963705791547 63.0493970640227 4.788630230762643 12.570839358088861
273 2.3724713917375753 4.896028244787259 7.268499636524835 12.379364025530311 2.4525927666251 0.0 0.28864790971307147 142.65112839145348 307.38364871178493 60.26863940582635 4.666960241821356 13.314451885779611
274 2.3065245286436493 4.842492183642816 7.149016712286465 12.302279473470431 2.3496474645429766 0.0 0.2814056238331162 140.06246570998468 306.0672081438434 57.63060592092753 4.549232291905191 14.059702016090363
275 2.2416773534906342 4.787760562395665 7.029437915886299 12.223331875429318 2.2518064396271917 0.0 0.27439471740011256 137.48225823130772 304.6986425050123 55.12934659464955 4.435294204711437 14.806563712985117
276 2.17796511574023 4.731928408425813 6.909893524166043 12.142481717439836 2.1588480213251438 0.0 0.2676064019855268 134.91293393125713 303.2762481885318 52.758628072953485 4.32500055833735 15.555010354779867
277 2.1154215701949832 4.675093705714521 6.790515275909504 12.059689153382042 2.070544882990967 0.0 0.26103227205073126 132.35693668380833 301.79829267870474 50.512080956143855 4.21821234929312 16.305014726690615
278 2.054078625013297 4.61735676511427 6.6714353901275665 11.97491408474471 1.9866688030657764 0.0 0.2546642862889637 129.81670715063498 300.26301685460385 48.38332158676207 4.114796670223774 17.056549013381364
279 1.9939660072055012 4.558819559874363 6.552785567079864 11.888116263181029 1.9069937749289725 0.0 0.24849474883610528 127.29466342336369 298.6686377310206 46.36604671133416 4.0146264201218065 17.809584791512115
280 1.9351109530245427 4.499585039323733 6.434695992348276 11.799255387569795 1.8312985394021808 0.0 0.24251629742926864 124.79318181935064 297.01335177614584 44.45410308810871 3.917580022667015 18.56409302228687
281 1.8775379296130166 4.439756434104852 6.317294363717869 11.708291268340508 1.7593684535837018 0.0 0.23672187955905735 122.31457822668682 295.29533906229165 42.64153886453181 3.8235411358856934 19.32004404400162
282 1.8212683938555678 4.379436566172155 6.200704960027722 11.615183988309242 1.6909967695196313 0.0 0.23110474331559075 119.86109036397511 293.5127681409907 40.922639875182846 3.7323984060961717 20.07740756459237
283 1.7663205915016995 4.318727176162674 6.085047767664373 11.51989409450456 1.6259856736627143 0.0 0.22565842155361532 117.43486129514146 291.66380171738797 39.29195296843881 3.644045237603452 20.836152654183124
284 1.7127094025468186 4.257728280664928 5.970437683211746 11.42238282938208 1.5641465702033257 0.0 0.22037671841426398 115.0379244943216 289.7466034240877 37.74429793462908 3.55837955800045 21.596247737633874
285 1.660446231887608 4.196537567788911 5.856983799676519 11.32261240210668 1.505300475179651 0.0 0.21525369654854423 112.67219067798828 287.75934581439935 36.27477303372769 3.4753036020946335 22.357660587088624
286 1.6095389462610934 4.135249842724554 5.744788788985647 11.220546300995814 1.4492780483443513 0.0 0.21028366500307613 110.33943658504234 285.7002196915161 34.87875436773333 3.3947237072240193 23.120358314523372
287 1.559991858845435 4.073956527791917 5.633948386637352 11.116149653561129 1.3959193410600343 0.0 0.2054611677311614 108.04129583020848 283.56744494141157 33.55189043132066 3.3165501193139892 23.884307364294123
288 1.511805757485598 4.012745223666311 5.52455098115191 11.009389638910335 1.3450737565124573 0.0 0.20078097269432646 105.77925187576295 281.3592830651901 32.290094615057015 3.2406968090658004 24.649473505684874
289 1.4649779747117453 3.9516993347859106 5.416677309497656 10.900235959350134 1.296599571882622 0.0 0.1962380615216326 103.55463312653625 279.07405156094865 31.089534922538178 3.1670812977037053 25.415821825455623
290 1.419502497032799 3.8908977604272716 5.310400257460071 10.788661365368885 1.250363689968865 0.0 0.1918276196957516 101.36861006838978 276.7101403485223 29.946621904354547 3.095624495694673 26.183316720390373
291 1.375370100887251 3.830414653589343 5.205784754476594 10.674642259147467 1.2062410819770437 0.0 0.18754502821316898 99.22219440300425 274.26603045649074 28.857995722567335 3.0262505393071923 26.951921889845124
292 1.3325685353652403 3.770319240722565 5.1028877760878055 10.55815935657488 1.1641144676009019 0.0 0.1833858511265756 97.11624005714609 271.7403150745176 27.8205134756674 2.9588866369036992 27.721600328295878
293 1.291082705428348 3.7106757118122866 5.001758417240635 10.439198424869993 1.1238738548581308 0.0 0.17934583214951183 95.05144576950538 269.1317231082122 26.83123657547605 2.893462941267456 28.49231431788663
294 1.2508948945181393 3.6515431475670272 4.9024380420851665 10.317751091395085 1.0854161112132228 0.0 0.17542088359114347 93.02835923431043 266.43914535611657 25.887417848550577 2.8299124138507015 29.264025420977383
295 1.211984985345609 3.5929755490455175 4.804960534391126 10.193815723169124 1.0486445442133743 0.0 0.17160707948706266 91.04738262401612 263.661663323757 24.98648918703671 2.7681706909099533 30.03669447269214
296 1.1743307068073299 3.535021853244245 4.709352560051575 10.067398373278003 1.0134684961103808 0.0 0.16790064839172578 89.1087790793762 260.7985806366316 24.126049689673728 2.708175965804366 30.810281573466888
297 1.1379078676538954 3.477726042562562 4.615633910216458 9.938513787214836 0.979802955489355 0.0 0.16429796656941095 87.2126801548371 257.8494569120878 23.303854366626684 2.649868876311366 31.584746081597636
298 1.1026906114571984 3.421127268973304 4.523817880430502 9.807186458376998 0.9475681877726734 0.0 0.1607955518967334 85.35909401464862 254.81414382871907 22.51780345054703 2.5931923881854244 32.36004660578839
299 1.068651645489162 3.365260021324546 4.4339116668137075 9.673451717503568 0.916689385622379 0.0 0.15739005494913852 83.54791405630843 251.69282298646897 21.765932332915426 2.5380917133389596 33.13614099769914
300 1.0357624822547047 3.3101543142367422 4.345916796491447 9.537356835815222 0.8870963396217411 0.0 0.15407826350689036 81.77892791045728 248.48604498199975 21.046402126472316 2.4845141708969867 33.9132673444937
301 1.0039936637923925 3.2558359013856077 4.259829565178 9.398962116144302 0.8587231289615067 0.0 0.15085706885681238 80.05182662949761 245.19476893518936 20.35749084902586 2.4324090932593947 34.69098869105357
302 0.9733149764473824 3.202326505050674 4.175641481498056 9.258341940627266 0.8315078330181465 0.0 0.14772350615447724 78.36621387787227 241.82040149986548 19.69758520066809 2.3817278238675015 35.46863414624152
303 0.9436956531040864 3.149644057207842 4.093339710311929 9.115585737884373 0.8053922592598689 0.0 0.1446747075077259 76.72161502910754 238.36483418443336 19.0651729090209 2.3324235595377276 36.246251302232274
304 0.9151045609516022 3.0978029484565752 4.012907509408177 8.970798827444318 0.7803216930659461 0.0 0.14170791707049318 75.11748605076549 234.8304776090143 18.458835631453965 2.284451246272452 37.02388150540383
305 0.8875103744677959 3.046814279890149 3.934324654357945 8.824103094999344 0.7562446625278788 0.0 0.13882048257003365 73.5532220869091 231.22029115192603 17.877242368040115 2.2377675518459794 37.8015603139911
306 0.8608817332644627 2.99668611488061 3.857567848145073 8.675637449487748 0.7331127203185115 0.0 0.13600985091402143 72.02816566505982 227.53780630984983 17.319143350531544 2.192330777093013 38.57931794351753
307 0.8351873839475391 2.9474237277094195 3.7826111116569585 8.525558012628407 0.7108802410017347 0.0 0.13327356400443371 70.54161446810637 223.78714203493925 16.783364386640965 2.148100786293007 39.35717970000268
308 0.8103963068304638 2.8990298463179793 3.709426153148443 8.374037993980721 0.6895042327987579 0.0 0.13060925474748197 69.09282863069173 219.97301034062275 16.26880163091383 2.10503894085574 40.13516640094502
309 0.7864778276207418 2.851504887131773 3.637982714752515 8.221267210377771 0.6689441638471122 0.0 0.12801464324963874 67.68103753045727 216.1007106055984 15.774416729164694 2.0631080361365073 40.91329478408431
310 0.7634017141182445 2.8048471804340247 3.5682488945522692 8.067451217985457 0.6491617961654413 0.0 0.1254875331901831 66.30544606149628 212.1761112664336 15.299232329603988 2.022272241218748 41.691577903938246
311 0.7411382605709539 2.759053184507278 3.500191445078232 7.912810038287954 0.6301210407315668 0.0 0.12302580836131827 64.96524038385951 208.20561797808287 14.842327944574038 1.9824970415108505 42.470025516116486
312 0.7196583573272519 2.714117688049508 3.43377604537676 7.757576475630801 0.6117878119226198 0.0 0.1206274293673389 63.65959315354532 204.19612783127738 14.402836139181964 1.943749184012711 43.24864444941198
313 0.6989335498425493 2.670034001812276 3.3689675516548254 7.601994042794495 0.5941299083442523 0.0 0.1182904304748907 62.38766824600484 200.15496982484024 13.979938985255886 1.9059966251158356 44.02743896566664
314 0.6789360863772166 2.626794133907642 3.305730220284859 7.44631453123982 0.5771168782692678 0.0 0.11601291660671369 61.148624983327 196.08983246400877 13.5728647230823 1.8692084808079448 44.80641110741572
315 0.6596389554016661 2.584388955988586 3.244027911390252 7.290795282660197 0.5607199172947165 0.0 0.11379306047165354 59.94162189911767 192.0086800449535 13.180884732114837 1.833354979160146 45.58556103330829
316 0.6410159143280936 2.5428083549764353 3.183824269304529 7.135696236596585 0.544911762329572 0.0 0.111629099824236 58.76582006492203 187.91965983489442 12.803310741827316 1.7984074149819118 46.364887341304375
317 0.6230415098826291 2.5020413728258437 3.125082882708473 6.981276843436904 0.5296665952208024 0.0 0.10951933484735937 57.62038599879821 183.83100290861384 12.439492207169401 1.7643381065351793 47.144387379649395
318 0.6056910914787612 2.462076334298216 3.067767425776977 6.827792941677954 0.5149599531795218 0.0 0.10746212565203654 56.5044941912287 179.75092180318416 12.088813888281178 1.7311203542044533 47.92405754562315
319 0.5889408181197373 2.4229009633337775 3.0118417814535148 6.67549370185636 0.5007686454906406 0.0 0.10545588988839578 55.41732927731137 175.6875083633124 11.750693605800977 1.6987284010258448 48.70389357206681
320 0.5727676599404748 2.384502488527103 2.957270148467578 6.524618736626617 0.48707067602768134 0.0 0.10349910046263233 54.358087885366714 171.6486351481109 11.424580157954551 1.6671373949832642 49.483890801686975
321 0.5571493949206895 2.346867738383307 2.9040171333039964 6.375395467312243 0.4738451711344194 0.0 0.10159028335459314 53.32598019140123 167.64186355616124 11.109951386736256 1.6363233529844239 50.26404444913543
322 0.5420646016268256 2.3099832269656924 2.852047828592518 6.228036822746486 0.46107231246575253 0.0 0.0997280155312403 52.32023120623668 163.67436142087172 10.806312381514752 1.6062631264344212 51.04434985086487
323 0.5274926481968008 2.273835230696064 2.801327878892865 6.082739327723315 0.44873327441456745 0.0 0.09791092295132411 51.340081823588335 159.7528322721905 10.513193809346287 1.5769343683290993 51.824802702763
324 0.513413679062787 2.238409856745365 2.7518235358081524 5.939681617590325 0.4368101657792343 0.0 0.09613767865689808 50.38478965602306 155.88345780628666 10.230150362155443 1.5483155017943089 52.605399285563344
325 0.4998085987823272 2.2036931039353638 2.703501702717691 5.79902339421146 0.4252859753543604 0.0 0.09440700094753485 49.45362967968909 152.0718544099285 9.95675931174742 1.520385690000934 53.38613667803076
326 0.48665905419078714 2.169670916596195 2.656329970786982 5.660904818363644 0.41414452115233535 0.0 0.0927176516332225 48.545894710380445 148.32304390725577 9.692619164359598 1.4931248073896866 54.16701295792341
327 0.4739474149949975 2.1363292320465463 2.6102766470415437 5.525446315960475 0.4033704029865829 0.0 0.09106843436242937 47.660895733164594 144.64143807478354 9.437348407194188 1.4665134121430188 54.94802739073452
328 0.46165675334869677 2.103654022225737 2.5653107755744338 5.392748760235312 0.3929489581777448 0.0 0.0894581930214709 46.797962102885755 141.03083599310165 9.190584340138516 1.4405327198441957 55.72918060620821
329 0.4497708223617946 2.0716313300906335 2.521402152452428 5.262893989257253 0.3828662201693991 0.0 0.0878858102021383 45.95644163211964 137.4944328439312 8.951981985660048 1.4151645782677102 56.51047476263067
330 0.4382740342499691 2.040247301202166 2.4785213354521347 5.135945587942549 0.3731088797038755 0.0 0.0863502057342367 45.13570058275521 134.03483851065246 8.721213070774187 1.3903914432474413 57.29191369890196
331 0.42715143801210154 2.0094882109977545 2.436639649009856 5.011949903332264 0.36366424859281277 0.0 0.08485033527999272 44.33512357691314 130.65410430804224 8.497965076732838 1.3661963555714665 58.07350307438082
332 0.416388697443185 1.9793404881438659 2.395729185587051 4.890937217694991 0.3545202257664319 0.0 0.0833851889875659 43.55411342961705 127.35375601124018 8.281940351280369 1.3425629188557775 58.855250496507715
333 0.4059720668995014 1.949790734676745 2.355762801576246 4.772923035876021 0.3456652654544961 0.0 0.08195379020083464 42.79209093206634 124.13483143277287 8.072855278335023 1.3194752783511567 59.637165636204934
334 0.39588837247526115 1.9208257432213212 2.3167141156965823 4.657909438044379 0.3370883473543128 0.0 0.08055519422294669 42.048494584967585 120.99792099482444 7.870439501073295 1.29691810063989 60.419260331050786
335 0.38612498671499934 1.8924325086947646 2.278557495409764 4.545886456687878 0.3287789486459063 0.0 0.07918848713112335 41.3227802725374 117.94320987372846 7.674435194586154 1.2748765541811626 61.20154867623409
336 0.37666980865004734 1.864598243065109 2.2412680517151564 4.436833443383552 0.3207270177252972 0.0 0.07785278464040069 40.61442092430707 114.97052050854309 7.484596384542282 1.2533362906660257 61.98404710328207
337 0.36751124233583843 1.8373103827925366 2.2048216251283748 4.330720397590831 0.31292294953673355 0.0 0.07654723101408546 39.92290614706661 112.0793544785173 7.300688308575083 1.2322834271449998 62.76677444656581
338 0.35863817599888986 1.8105565967327713 2.169194772731661 4.227509236128839 0.30535756239382994 0.0 0.07527099801884007 39.247741827323445 109.26893296261089 7.12248681736814 1.211704528892933 63.54975199758365
339 0.35003996271329246 1.7843247916806892 2.1343647543939817 4.127154987844186 0.2980220761879227 0.0 0.07402328392230581 38.588449721497454 106.53823518839702 6.949777801992583 1.191586592977436 64.33300354701964
340 0.3417063990735732 1.7586031168069742 2.1003095158805474 4.029606903109971 0.2909080900781098 0.0 0.07280331253145195 37.94456703163401 103.88603445148213 6.7823566891208085 1.1719170324993982 65.11655541458043
341 0.33362770841174 1.7333799662469334 2.067007674658673 3.9348094721516103 0.2840075707093425 0.0 0.07161033226980806 37.31564598833787 101.31093143675358 6.620027954275718 1.152683661475278 65.90043646660558
342 0.32579452212063476 1.7086439808219742 2.034438502942609 3.8427033497671617 0.27731282236530885 0.0 0.07044361529180061 36.701253415311285 98.81138469829709 6.462604610163169 1.1338746803320867 66.68467812145701
343 0.3181978607429886 1.6843840481239754 2.002581908866964 3.753226186842627 0.27081647792897423 0.0 0.06930245663260148 36.10097029093512 96.38573825638949 6.309907782492625 1.1154786619880044 67.4693143426855
344 0.31082911833198973 1.6605893045454219 1.9714184228774116 3.666313371224601 0.2645114806561282 0.0 0.06818617339195036 35.51439132379824 94.03224634935395 6.161766320501788 1.0974845384925391 68.25438161997221
345 0.3036800448815283 1.637249132050844 1.9409291769323722 3.5818986820901113 0.2583910689604689 0.0 0.06709410395034193 34.94112451867092 91.74909543770372 6.018016396456752 1.0798815882012998 69.03991893784553
346 0.29674273274630536 1.614353156433748 1.9110958891800536 3.4999148630343972 0.2524487620578297 0.0 0.06602560721633322 34.38079074728245 89.53442360062155 5.878501139999199 1.0626594234620055 69.82596773217762
347 0.290009599720492 1.5918912450242704 1.8819008447447625 3.4202941197695793 0.2466783464141927 0.0 0.06498006190344173 33.83302332743372 87.386337493265 5.7430702935436 1.0458079787890826 70.61257183445764
348 0.28347337405166817 1.5698535067023065 1.8533268807539747 3.3429685486821317 0.24107386294629102 0.0 0.06395686583547913 33.29746762947411 85.30292705026123 5.611579887346694 1.0293174995055707 71.39977740383796
349 0.2771270841452811 1.5482302868301343 1.8253573709754154 3.2678705025817036 0.23562959492740168 0.0 0.06295543527903173 32.77378067670091 83.28227812847678 5.48389193297511 1.0131785308322228 72.18763284696126
350 0.2709640409658774 1.5270121629518503 1.7979762039177276 3.194932899892577 0.2303400565543008 0.0 0.0619752043019715 32.26163072635611 81.3224832815616 5.359874133987986 0.9973819074041009 72.97618872556023
351 0.2649778286268103 1.5061899416601783 1.7711677702869886 3.124089483097049 0.22519998213400652 0.0 0.06101562415676287 31.76069689049766 79.42165086092538 5.23939961273516 0.9819187431961167 73.76549765183745
352 0.2591622906191721 1.4857546549356666 1.7449169455548388 3.055275033310009 0.2202043158524379 0.0 0.06007616268767341 31.27066876899161 77.57791261674747 5.122346652251474 0.9667804218403069 74.55561417161988
353 0.2535115188278748 1.4656975558952416 1.7192090747231163 2.9884255429835114 0.21534820208916383 0.0 0.059156303760752205 30.791246082586458 75.78942997428864 5.008598452299259 0.9519585873179067 75.34659463528862
354 0.24801984250692063 1.4460101144616175 1.6940299569685382 2.9234783577459926 0.21062697624528567 0.0 0.05825554671564727 30.322138322472874 74.05439915012178 4.898042898677541 0.9374451350101352 76.13849705649005
355 0.242681818172951 1.4266840124634148 1.669365830636366 2.8603722838375427 0.20603615605344308 0.0 0.05737340583836608 29.863064403733574 72.37105522759204 4.79057234497815 0.923232203092552 76.93138095861923
356 0.23749221709856097 1.407711141472174 1.6452033585707349 2.799047671128056 0.20157143334123948 0.0 0.05650940985403915 29.41375233451069 70.73767535332877 4.686083406025318 0.9093121642583442 77.72530720907929
357 0.23244602081021978 1.3890835935791683 1.621529614389388 2.7394464758166053 0.19722866622111304 0.0 0.0556631014389191 28.97393889496747 69.1525811818625 4.584476762288199 0.8956776177568224 78.5203378413222
358 0.22753840631609576 1.3707936610975053 1.598332067413601 2.681512300286554 0.19300387168171781 0.0 0.054834036750771045 28.543369322678956 67.61414063826716 4.485656974604069 0.8823213817338639 79.31653586466297
359 0.2227647411707335 1.3528338304477003 1.5755985716184338 2.6251904184300026 0.18889321855720725 0.0 0.05402178497689774 28.121797019736626 66.12076911346543 4.3895323085942195 0.8692364858616232 80.11396506186884
360 0.21812057367093535 1.3351967774506832 1.5533173511216185 2.570427786693899 0.1848930208526576 0.0 0.05322592789908559 27.70898325585722 64.67093018518125 4.296014568196785 0.8564161642455551 80.91268977452859
361 0.21360162536625224 1.3178753612457237 1.531476986611976 2.517173043445883 0.1809997314051282 0.0 0.05244605947475872 27.304696879946533 63.2631359289906 4.205018942577469 0.8438538485971007 81.712774676197
362 0.20920378170432202 1.3008626242057548 1.5100664059100768 2.465376498605134 0.17720993668267007 0.0 0.05168178543365556 26.908714062866117 61.89594688744437 4.116463847797277 0.8315431616610975 82.51428453331465
363 0.2049230890960535 1.2841517815198442 1.4890748706158976 2.4149901152283 0.17352034795919713 0.0 0.050932722889459395 26.520818034308512 60.56797175446694 4.030270778838623 0.8194779108876836 83.31728395390655
364 0.20075574175890606 1.26773622290434 1.4684919646632462 2.3659674845217973 0.1699278002639202 0.0 0.0501984999657241 26.140798824228483 59.277866824826724 3.9463641916028815 0.8076520823384374 84.12183712405721
365 0.19669808267553354 1.2516095011764536 1.4483075838519872 2.318263795547223 0.16642924443912072 0.0 0.04947875543549096 25.768453035265072 58.024335251828035 3.864671372063507 0.7960598348170671 84.92800753215909
366 0.1927465924004061 1.2357653340712964 1.4285119264717026 2.2718358007113837 0.16302174291675683 0.0 0.04877313837411014 25.40358359667701 56.8061261504936 3.785122307353682 0.7846954942158367 85.73585768094068
367 0.18889788115910278 1.2201975976582509 1.4090954788173535 2.2266417779800767 0.1597024651932672 0.0 0.048081307824705585 25.04599953983331 55.622033578305334 3.7076495672123797 0.7735535480688939 86.54544878727188
368 0.18514869174358897 1.2049003210876292 1.3900490128312182 2.1826414906109255 0.15646868188284324 0.0 0.047402932475744515 24.695515792904978 54.47089542095764 3.6321882116155693 0.7626286403039473 87.35684046974433
369 0.18149588189191507 1.1898676854764025 1.3713635673683175 2.1397961450878 0.15331776632990987 0.0 0.04673769035027117 24.351952949925124 53.351592206574 3.5586756547452905 0.751915566184555 88.17009042402663
370 0.17793643144469284 1.175094014527545 1.3530304459722378 2.0980683478317954 0.1502471749707754 0.0 0.04608526850634341 24.015137090160238 52.263045868320226 3.4870515641468813 0.7414092674353496 88.985254086
371 0.1744674288555444 1.1605737777191045 1.3350412065746489 2.0574220611730714 0.14725446860190358 0.0 0.045445362748168856 23.684899594012947 51.20421847224764 3.4172578340381197 0.7311048275427694 89.80238428266921
372 0.17108606984192906 1.1463015816654234 1.3173876515073524 2.017822558987641 0.1443372857475798 0.0 0.04481767734759994 23.361076934500435 50.17411092455378 3.3492384375518855 0.7209974672245052 90.62153087084783
373 0.16778965265911616 1.1322721664177064 1.3000618190768227 1.9792363823416308 0.14149335010446257 0.0 0.04420192477552052 23.04351049942636 49.17176167015064 3.2829393220845615 0.7110825400609144 91.44274036362333
374 0.16457557284747265 1.1184804041413081 1.2830559769887808 1.9416312954178754 0.1387204650665313 0.0 0.04359782544275613 22.732046442425503 48.19624539238408 3.2183083662229777 0.7013555282818732 92.2660555445969
375 0.16144132310906148 1.1049212937891184 1.2663626168981799 1.9049762419535958 0.1360165105311611 0.0 0.04300510745012035 22.42653551037989 47.2466717220495 3.155295289065792 0.6918120387031873 93.09151506990042
376 0.1583844824366979 1.0915899571885783 1.249974439625276 1.8692413023788168 0.13337943985045064 0.0 0.04242350634730909 22.126832856286068 46.32218396238585 3.0938515755858504 0.6824477988066312 93.91915305799006
377 0.15540271698504995 1.0784816391122645 1.2338843560973145 1.8343976517984582 0.1308072769204328 0.0 0.04185276490016091 21.832797920464273 45.42195783541772 3.0339304054378213 0.6732586529578746 94.748998667215
378 0.1524937789516039 1.065591699198495 1.218085478150099 1.800417518938323 0.12829811340107664 0.0 0.04129263286613556 21.544294283567528 44.5452002539467 2.975486585031371 0.6642405587572099 95.58107566116593
379 0.14965549563231523 1.0529156123370256 1.2025711079693409 1.767274146143188 0.1258501060604888 0.0 0.04074286677754925 21.261189494671083 43.691148122573814 2.918476482700678 0.6553895835177235 96.4154019617979
380 0.14688577324159197 1.040448963739599 1.187334736981191 1.7349417504950817 0.12346147423705564 0.0 0.04020322973232966 20.98335495437502 42.85906717145206 2.862857966810824 0.64670190086595 97.25198919033022
381 0.14418259031653657 1.0281874462963836 1.1723700366129202 1.703395486272458 0.12113049741359351 0.0 0.03967349119201594 20.710665794929582 42.04825082023207 2.8085903466508695 0.638173787460563 98.09084219592216
382 0.14154399724145753 1.0161268578379319 1.1576708550793895 1.6726114077430019 0.11885551289801322 0.0 0.03915342678670596 20.443000747454878 41.258019077930435 2.755634315972125 0.6298016198244305 98.9319585721276
383 0.13896811075344495 1.0042630975682905 1.1432312083217355 1.642566434890527 0.11663491360513924 0.0 0.03864281812668032 20.18024200985481 40.48771748411174 2.7039518990378757 0.6215818712856686 99.77532816112353
384 0.13645311077835065 0.9925921665089985 1.1290452772873492 1.6132383186634438 0.11446714593480736 0.0 0.038141452620475025 19.92227512713787 39.736716080876384 2.6535063990587604 0.6135111090235806 100.62093254571613
385 0.13399724136012967 0.9811101584951997 1.1151073998553294 1.5846056082878268 0.11235070774149096 0.0 0.03764912329912577 19.668988916935167 39.00440842008357 2.6042623488948955 0.6055859912155909 101.46874452912505
386 0.13159880733516569 0.969813268034977 1.1014120753701426 1.556647619624385 0.11028414639103351 0.0 0.03716562864641529 19.42027531377451 38.29021061011108 2.556185463912301 0.597803264281321 102.31872760254151
387 0.1292561684379476 0.958697764335146 1.0879539327730936 1.5293444047200895 0.10826605690027942 0.0 0.03669077243479692 19.176029228728353 37.59356039747363 2.509242596887697 0.5901597602200248 103.17083540046633
388 0.12696774103470057 0.9477600220591635 1.074727763093864 1.502676722533026 0.1062950801556517 0.0 0.03622436356689089 18.93614856731561 36.91391628385072 2.463401694861638 0.5826523940381277 104.0250111438217
389 0.12473199392671187 0.9369965002866444 1.0617284942133562 1.4766260108051183 0.1043699012069152 0.0 0.035766215922292885 18.700534111974985 36.25075667785695 2.4186317578449517 0.5752781612633993 104.88118707084038
390 0.12254744807002901 0.9264037370014168 1.0489511850714457 1.4511743590542683 0.10248924763249176 0.0 0.03531614820946979 18.469089348472036 35.603579080773414 2.3749027992890057 0.5680341355423913 105.73928385573146
391 0.12041267273164563 0.9159783533534439 1.0363910260850895 1.4263044826551319 0.1006518879731243 0.0 0.034873983822628976 18.241720421884743 34.97189930537005 2.332185808235336 0.5609174663182825 106.59921001512271
392 0.11832628405441216 0.9057170542804401 1.0240433383348524 1.4019996979760108 0.0988566302304751 0.0 0.034439550703315044 18.018336015433118 34.355250726881984 2.29045271306416 0.5539253765860852 107.46086130228076
393 0.11628694413556305 0.8956166060820704 1.0119035502176335 1.3782438985382124 0.09710232042785413 0.0 0.0340126812065946 17.798847285330687 33.75318356515464 2.249676346765929 0.5470551607222877 108.3241200891074
394 0.11429335835784776 0.8856738745114063 0.9999672328692542 1.3550215321633967 0.09538784122998946 0.0 0.03359321197163716 17.58316786303942 33.16526419693949 2.2098304136639286 0.5403041823862951 109.18885473591178
395 0.11234427436396341 0.8758857825232724 0.9882300568872359 1.3323175790741983 0.0937121106193103 0.0 0.03318098379657038 17.371213692559973 32.59107449730236 2.1708894575202935 0.5336698724910365 110.05491894895817
396 0.11043848022030045 0.8662493284119083 0.9766878086322087 1.3101175309131732 0.09207408062607045 0.0 0.03277584151740049 17.162902939923512 32.03021120909721 2.1328288309605488 0.5271497272401788 110.92215112579191
397 0.10857480293280745 0.8567615798894229 0.9653363828222303 1.2884073706454755 0.0904727361097854 0.0 0.032377633890910966 16.95815597206475 31.48228533945791 2.095624666155332 0.5207413062295626 111.79037368834213
398 0.10675210702802093 0.8474196722340178 0.9541717792620388 1.2671735533109403 0.08890709358986526 0.0 0.0319862134813383 16.756895271306252 30.946921582267773 2.059253846701844 0.5144422306105528 112.6593924038005
399 0.10496929315908414 0.8382208064966493 0.9431900996557334 1.2464029875918292 0.08737620012298754 0.0 0.031601436550749075 16.55904536911561 30.423757765579392 2.0236939806496257 0.508250181313026 113.52899569327747
    400 0.10322529678360945 0.8291622477586426 0.932387544542252 1.2260830181632498 0.08587913222532781 0.0 0.031223162952912397 16.364532782190654 29.912444322975443 1.9889233746184907 0.5021628973258679 114.39895392823377