step T[K] H[J/g] Nco2[mmol/g] Nch4[mmol/g]
stepI 355.89900127899176 77.77908661154109 2.664628259587041 0.6471980811629249
stepII 353.1222313257515 75.57735485643103 2.980486962428101 0
stepIII 291.9806039433871 27.84063654006311 1.1649315577982509 0
stepIV 263.0 6.089999306009247 0 0.3760469082061921

effective amount adsorbed of CO2 [mmol/g]: 2.664628259587041
working capacity [mmol/g]: 1.4996967017887903
selectivity [-]: 4.11717577221347
regenerability [%]: 56.28164815835175

T[K] NcI[mmol/g] NmI[mmol/g] NtI[mmol/g] NcII[mmol/g] NcIII[mmol/g] NcIV[mmol/g] NmIV[mmol/g] HI[J/g] HII[J/g] HIII[J/g] HIV[J/g] intCp[J/g]
200 14.684570593757387 0.31669998533679566 15.001270579094182 14.964900141560705 11.71425681173272 0.0 3.2425678416495214 335.07870806446056 336.70527379542824 274.0686711731685 53.76374847331246 -35.41806936820804
201 14.66471814367999 0.3247348029709829 14.989452946650973 14.952053053440212 11.65310348022221 0.0 3.128377263282438 335.1034652844714 336.6504869342069 273.1471408781511 51.881330978852546 -34.831880419213284
202 14.64448513829265 0.33284032559562593 14.977325463888276 14.938894542907079 11.590702314057943 0.0 3.016729175724127 335.12526926577345 336.59349924286676 272.19948530579023 50.02745286287912 -34.243235287502536
203 14.623865467736838 0.34101311000180673 14.964878577738645 14.925416646728822 11.527018643716518 0.0 2.9077819536158236 335.143716234188 336.53387640267255 271.22004695778446 48.215172794397944 -33.65213742631179
204 14.602852874939371 0.3492496405318712 14.952102515471243 14.911611183472502 11.462016599551339 0.0 2.801671521385219 335.1585873641982 336.4714971021267 270.2076448732671 46.44734978035665 -33.05859033798104
205 14.581440864149208 0.35754635564104476 14.938987219790253 14.897469747749888 11.395659060095095 0.0 2.6985105683461894 335.1696571223756 336.40623443362233 269.1610502295369 44.726407807262916 -32.462597581406285
206 14.559622755284614 0.36589965251173223 14.925522407796347 14.882983704357404 11.32790760525001 0.0 2.59838834916722 335.1766932448927 336.33795563993823 268.0789843658546 43.05432926063445 -31.864162779491537
207 14.53739164827785 0.3743058998347877 14.911697548112638 14.868144182313035 11.25872246717273 0.0 2.5013710289788915 335.1794566848253 336.2665218501843 266.9601167659109 41.432659037670675 -31.263289626600788
208 14.514740426216655 0.38276144883928004 14.897501875055935 14.852942068792547 11.188062480076786 0.0 2.40750250967196 335.1777015427101 336.1917878048723 265.80306298352485 39.862518158767855 -30.659981896010038
209 14.49166174825218 0.39126264552197043 14.882924393774152 14.837368002968015 11.115885029145641 0.0 2.316805658245112 335.17117502026207 336.1136015697909 264.60638252157156 38.34462536854544 -30.054243447359287
210 14.468148042296933 0.3998058434122577 14.867953885709191 14.82141236975194 11.042145998805525 0.0 2.2292838496114604 335.15961736418 336.0318042383658 263.36857667191856 36.87932504289481 -29.446078234104537
211 14.44419150386844 0.4083874151061463 14.852578918974586 14.805065293450589 10.966799720674054 0.0 2.1449227345263644 335.1427618093895 335.9462296221941 262.08808632626705 35.46661967528892 -28.835490310969785
212 14.419784087979346 0.4170037654555421 14.836787853434888 14.788316631330684 10.889798921545705 0.0 2.0636921471352374 335.1203345221815 335.85670392944724 260.76328952801003 34.106205262432525 -28.222483841399033
213 14.394917501322368 0.425651347452747 14.820568848775116 14.771155967104036 10.81109461589375 0.0 1.985548069914152 335.0920544996772 335.76304543084893 259.39249999008354 32.79750817877719 -27.607063105008283
214 14.369583202619674 0.4343266616345654 14.80390986425424 14.753572604335096 10.730636336200693 0.0 1.910434622588982 335.0576335004587 335.6650641129453 257.9739646888962 31.53972212447181 -26.989232505037535
215 14.34377239797564 0.44302629044559194 14.786798688421232 14.735555559776827 10.648371523502059 0.0 1.8382859323273888 335.01677599410255 335.56256131839916 256.50586047722015 30.331844010402282 -26.368996575802782
216 14.317476026351372 0.4517468904091949 14.769222916760567 14.717093556640835 10.564246042198072 0.0 1.769027970601753 334.9691790088043 335.4553293730582 254.98629323337565 29.172708221305648 -25.746359990148033
217 14.290684761902568 0.46048521421242106 14.751169976114989 14.698175017808042 10.478203859629943 0.0 1.7025802246662114 334.9145319814968 335.34315119956585 253.41329619027155 28.06101852730584 -25.121327566897282
218 14.26338901729987 0.4692381069157924 14.732627124215663 14.678788058986713 10.390187066125195 0.0 1.6388572296013777 334.8525166481134 335.2257999173074 251.7848274000819 26.995377156941053 -24.49390427830653
219 14.235578914423629 0.47800254153013727 14.713581455953767 14.65892048182495 10.300135846369628 0.0 1.5777699390440434 334.7828154213752 335.10303842850936 250.0987684112045 25.9743109337954 -23.864095257515782
220 14.20724060662826 0.48677943995687684 14.694020046585136 14.638559766985288 10.20798845999298 0.0 1.519226937230798 334.70508543806574 334.9746189903395 248.35292346809868 24.996294494810048 -23.23190580600103
221 14.178374753519604 0.49555450256259925 14.673929256082204 14.61769306718928 10.113681335787426 0.0 1.4631355166264528 334.61896762940285 334.84028277288854 246.54501786504352 24.059770438953088 -22.59734140102628
222 14.14895953344814 0.5043365892250876 14.653296122673227 14.596307200240522 10.017148718140385 0.0 1.409402533209191 334.52412795864086 334.69975940295024 244.6726968179849 23.163166548330324 -21.96040770309553
223 14.118987618871396 0.5131193541740002 14.632106973045396 14.574388642034481 9.918323175614947 0.0 1.3579352215196403 334.4202147631493 334.5527664935558 242.73352709848297 22.304910577751315 -21.32111056340478
224 14.088447681338808 0.5219004342700674 14.610348115608875 14.551923519564106 9.817135357866258 0.0 1.308641806748264 334.30685097705634 334.39900915926444 240.7249977657509 21.48344252924293 -20.67945603129403
225 14.057328089071522 0.5306776098704261 14.588005698941949 14.528897603930316 9.713514137400505 0.0 1.2614320307317302 334.18365838145564 334.23817951725806 238.64452115152517 20.69722464880851 -20.035450361699276
226 14.025616894714009 0.5394488146140244 14.565065709328033 14.50529630336622 9.607386718979292 0.0 1.2162175704891116 334.0502489986489 334.0699561743395 236.48943603742723 19.944749557509553 -19.389100022604527
227 13.993301842502824 0.5482121212558336 14.541513963758657 14.481104656284627 9.49867879021975 0.0 1.1729123667048549 333.9062247281308 333.8940036999896 234.25701185550727 19.224546652536723 -18.740411702493777
228 13.960370342660413 0.5569657662263504 14.517336108886763 14.456307324357617 9.387314722088572 0.0 1.1314328741053004 333.7511769718038 333.70997208569787 231.94445451756135 18.535187024897258 -18.089392317803025
229 13.926809488499716 0.5657081217552759 14.49251761025499 14.430888585637407 9.273217829594982 0.0 1.09169824481507 333.58468618125085 333.5174961908428 229.548914211665 17.87528710412781 -17.436049020372273
230 13.892606041538393 0.5744377053517749 14.467043746890168 14.404832327727025 9.156310704835436 0.0 1.0536304547982447 333.4063214075395 333.3161951754649 227.06749556431092 17.243511221900242 -16.780389204897524
231 13.857746430922123 0.5831531724403212 14.440899603362444 14.378122041009174 9.036515636683196 0.0 1.0171543824595115 333.21563985514416 333.1056719203456 224.4972706349788 16.638573197826126 -16.122420516382775
232 13.822216750422868 0.5918533107159039 14.414070061138771 14.35074081194114 8.913755133821624 0.0 0.982197830792929 333.01218639663136 332.88551243487586 221.8352952871938 16.059237435591907 -15.462150857592025
233 13.78600275646185 0.6005370333444695 14.386539789806319 14.322671316422676 8.787952570543837 0.0 0.9486916143800257 332.7954930793307 332.65528525327386 219.07862951646499 15.504319159833472 -14.799588396501274
234 13.749089866650898 0.6092033712487542 14.358293237899652 14.293895813243324 8.659032968710294 0.0 0.9165693841489875 332.5650786283926 332.41454081978884 216.22436269626658 14.972683832934331 -14.134741573750524
235 13.711463155995162 0.6178514680708893 14.32931462406605 14.264396137614515 8.526924002814336 0.0 0.8857677284135449 332.32044791632075 332.16281086360544 213.2696441787092 14.46324681656659 -13.467619110095775
236 13.673107373145093 0.6264805527443336 14.299587925889426 14.234153694790432 8.391557072308705 0.0 0.8562260546160069 332.06109145781335 331.89960776424283 210.21172028291636 13.974972534630112 -12.798230013861026
237 13.634006908032648 0.6350899665196572 14.269096874552305 14.203149453780831 8.252868803170953 0.0 0.8278865225610825 331.78648491975963 331.624423908323 207.0479790967672 13.506873074328185 -12.126583588390275
238 13.594145831067083 0.6436791103363824 14.237824941403465 14.171363941157084 8.110802610758972 0.0 0.8006939654103427 331.49608857857726 331.3367310386618 203.77600360508154 13.058006836819926 -11.452689439499526
239 13.55350786944945 0.6522474630439751 14.205755332493426 14.138777234951352 7.965310731513059 0.0 0.7745958012617665 331.1893468179192 331.0359795967145 200.39363470964858 12.627477022119045 -10.776557482928776
240 13.512076423864334 0.66079455437879 14.172870978243123 14.105368958647093 7.816356496840697 0.0 0.7495419399052926 330.8656876465389 330.7215980594847 196.8990451860352 12.214430010460088 -10.098197951794027
241 13.469834564988648 0.6693199621732131 14.139154527161862 14.07111827525712 7.663917022975027 0.0 0.7254846865931185 330.52452216968754 330.39299227207823 193.29082546491315 11.818053684511199 -9.417621404039277
242 13.426765046559735 0.6778232816264201 14.104588328186155 14.036003881483596 7.507986303629154 0.0 0.7023786443254484 330.16524416973823 330.0495447771556 189.56808245987224 11.437575700185027 -8.734838729888526
243 13.382850317719091 0.6863041408783607 14.069154458597453 14.000004001952451 7.348578733625061 0.0 0.6801806108856433 329.7872296886216 329.69061414260057 185.73055182167894 11.07226182719718 -8.049861159297777
244 13.338072495020848 0.6947621662772321 14.03283466129808 13.963096383512536 7.185733068700919 0.0 0.6588495054558383 329.38983648508787 329.3155342887864 181.7787236457163 10.72141423400026 -7.362700269407025
245 13.292413406511287 0.7031969752017582 13.995610381713044 13.925258289588124 7.019516799176865 0.0 0.6383462279706004 328.97240366808535 328.92361381687516 177.71398086448139 10.38436969908724 -6.673367991992276
246 13.245854589875709 0.7116081612465821 13.957462751122291 13.886466494571515 6.850030896383802 0.0 0.6186336052089177 328.53425137530337 328.51413533963887 173.5387482652309 10.060498046262351 -5.981876620917525
247 13.198377296071767 0.7199952822083081 13.918372578280074 13.846697278241047 6.677414789663447 0.0 0.5996762845790311 328.0746803745135 328.0863548163351 169.25664852764945 9.749200582697009 -5.288238819586773
248 13.149962501305023 0.728357845417153 13.878320346722175 13.805926420188474 6.501851459075286 0.0 0.5814406457217685 327.59297174174014 327.63950089321145 164.8726599502964 9.44990848918247 -4.592467628396022
249 13.100590916770386 0.7366952939491337 13.83728621071952 13.764129194239281 6.323572363933825 0.0 0.5638947161749622 327.0883865762539 327.1727742512504 160.3932679608539 9.162081330573228 -3.894576472185271
250 13.05024299922398 0.7450069924995658 13.795249991723546 13.721280362849138 6.142861890240167 0.0 0.5470080892828525 326.5601657451223 326.6853469628002 155.82659991707882 8.885205619701388 -3.19457916769052
251 12.998898961665251 0.7532922134602867 13.752191175125537 13.677354171460625 5.960060902361609 0.0 0.5307518454361129 326.00752966348824 326.1763618587734 151.18253033577773 8.618793436564337 -2.4924899309957667
252 12.946538784521191 0.7615501228786592 13.708088907399851 13.632324342806138 5.775568908015746 0.0 0.5150984766829666 325.4296781122563 325.6449319081318 146.47274151804893 8.362381107628973 -1.78832338498502
253 12.893142227149035 0.7697797664303421 13.662921993579378 13.586164071145916 5.589844298249708 0.0 0.5000218147102924 324.8257900945754 325.09013961142307 141.71072342149526 8.115527945246207 -1.082094566794268
254 12.83868883956684 0.7779800553958023 13.616668894962643 13.53884601643467 5.4034021276883415 0.0 0.48549696216072585 324.19502372911967 324.51103641019137 136.9116971513037 7.87781504656186 -0.3738189352635146
255 12.783157973347393 0.7861497528203403 13.569307726167732 13.49034229841689 5.2168089777310485 0.0 0.4715002272261719 323.53651619510515 323.90664211416515 132.0924492347734 7.648844150838233 0.3364876216112336
256 12.72652879944688 0.7942874579649073 13.520816257411788 13.440624490659484 5.0306746137633755 0.0 0.4580090614385343 322.84938369309475 323.27594434822885 127.27106932775185 7.428236541161612 1.0488087792259861
257 12.668780301075733 0.8023915985938015 13.471171899669535 13.389663614541664 4.8456404095525745 0.0 0.44500199748485236 322.1327215014612 322.61789802133296 122.46659216070553 7.215632045979791 1.763127768916739
258 12.609891332457211 0.8104604025965099 13.420351735053721 13.33743013323641 4.662364851096252 0.0 0.43245860708719724 321.3856040436416 321.93142481969136 117.6985547215629 7.010688064946181 2.479427370507487
259 12.549840559815626 0.8184919046790031 13.36833246449463 13.283893945735707 4.481506804385912 0.0 0.4203594236232905 320.6070849097722 321.21541272687733 112.98649054252273 6.813078579473005 3.197689904858237
260 12.488606536296269 0.8264839146744326 13.3150904509707 13.229024380993673 4.303707573820994 0.0 0.4086859104246633 319.796197082203 320.46871557377403 108.34939261840611 6.622493308771098 3.9178972264129897
261 12.426167687123097 0.8344340121729182 13.260601699296016 13.172790192288621 4.129573018237454 0.0 0.3974204076297243 318.95195316793246 319.69015262178357 103.80518289982594 6.438636913133749 4.640030715747741
262 12.362502324778443 0.8423395306009323 13.204841855379376 13.115159551937028 3.9596570692520054 0.0 0.38654608692971043 318.07334558838784 318.87850818327263 99.37022764961421 6.261228185357888 5.364071272118494
263 12.297588661463381 0.8501975447416241 13.147786206205005 13.05610004653074 3.794447852076739 0.0 0.3760469082061921 317.1593468879035 318.0325312839597 95.05893494195696 6.089999306009247 6.089999306009247
264 12.231404822385777 0.8580048561587629 13.08940967854454 12.99557867291407 3.634357531184253 0.0 0.36590757932374535 316.2089100845202 317.1509353728598 90.88346026972742 5.924695142792215 6.817794731679996
265 12.163928858297977 0.8657579795408811 13.029686837838858 12.9335618351703 3.4797159923297625 0.0 0.35611351777249933 315.22096906934223 316.232398086411 86.85353313452927 5.765072589170837 7.547436959714744
266 12.09513875427107 0.8734531336296033 12.968591887900674 12.87001534291742 3.3307688790896135 0.0 0.34665081436895545 314.1944390548753 315.2755610753927 82.97640778279153 5.610899938037054 8.278904889569496
267 12.025012460708474 0.8810862079850129 12.906098668693486 12.804904411510227 3.187679510378002 0.0 0.3375061989202638 313.1282170915983 314.27902990406125 79.25692733134329 5.4619562898934575 9.012176902120245
268 11.953527871951092 0.8886527892762865 12.842180661227378 12.73819366417027 3.050533885119128 0.0 0.32866700774819213 312.0211826532678 313.2413740411625 75.69767973423345 5.318030993734715 9.747230852210997
269 11.88066287603295 0.8961481090214187 12.776810985054368 12.66984713935515 2.919348099163254 0.0 0.32012115297318 310.87219827873326 312.1611269163415 72.29922153463706 5.1789231188366385 10.48404406120175
270 11.806395353111935 0.9035670504701004 12.709962403582034 12.599828288636388 2.7940772400573572 0.0 0.3118570934631318 309.6801103009127 311.0367861221618 69.0603450611226 5.0444409557411545 11.222593309516498
271 11.730703196460532 0.9109041321208619 12.641607328581394 12.528100010385524 2.674625143624055 0.0 0.3038638073559281 308.44374966847613 309.86681379260096 65.97836390472499 4.914401544805395 11.96285482919125
272 11.65356433103026 0.9181534966752688 12.571717827705529 12.45462464856435 2.560853794750783 0.0 0.2961307660689373 307.1619328578151 308.64963705791547 63.0493970640227 4.788630230762643 12.704804296422004
273 11.574956734789861 0.9253088986218674 12.500265633411729 12.379364025530311 2.4525927666251 0.0 0.28864790971307147 305.83346292119916 307.38364871178493 60.26863940582635 4.666960241821356 13.448416824112755
274 11.49485846977892 0.932363692781585 12.427222162560506 12.302279473470431 2.3496474645429766 0.0 0.2814056238331162 304.45713066168247 306.0672081438434 57.63060592092753 4.549232291905191 14.193666954423506
275 11.413247700923858 0.9393108257042703 12.352558526628128 12.223331875429318 2.2518064396271917 0.0 0.27439471740011256 303.03171593573177 304.6986425050123 55.12934659464955 4.435294204711437 14.94052865131826
276 11.330102737905504 0.9461428248721091 12.276245562777612 12.142481717439836 2.1588480213251438 0.0 0.2676064019855268 301.55598916612485 303.2762481885318 52.758628072953485 4.32500055833735 15.68897529311301
277 11.245402071064941 0.9528517903038956 12.198253861368837 12.059689153382042 2.070544882990967 0.0 0.26103227205073126 300.0275451905765 301.79829267870474 50.512080956143855 4.21821234929312 16.43897966502376
278 11.15772758925328 0.9607824907604546 12.118510080013735 11.97491408474471 1.9866688030657764 0.0 0.2546642862889637 298.44620440470584 300.26301685460385 48.38332158676207 4.114796670223774 17.190513951714507
279 11.07124877685161 0.9658668481889702 12.03711562504058 11.888116263181029 1.9069937749289725 0.0 0.24849474883610528 296.81331912098506 298.6686377310206 46.36604671133416 4.0146264201218065 17.94354972984526
280 10.981754499699468 0.972154945065889 11.953909444765356 11.799255387569795 1.8312985394021808 0.0 0.24251629742926864 295.12525186168835 297.01335177614584 44.45410308810871 3.917580022667015 18.698057960620012
281 10.890621351321954 0.9782840166236829 11.868905367945636 11.708291268340508 1.7593684535837018 0.0 0.23672187955905735 293.37932617978475 295.29533906229165 42.64153886453181 3.8235411358856934 19.454008982334763
282 10.79782961297673 0.9842439486034701 11.782073561580201 11.615183988309242 1.6909967695196313 0.0 0.23110474331559075 291.5756286127133 293.5127681409907 40.922639875182846 3.7323984060961717 20.211372502925514
283 10.703360179298658 0.9900241823575642 11.693384361656221 11.51989409450456 1.6259856736627143 0.0 0.22565842155361532 289.7129284947697 291.66380171738797 39.29195296843881 3.644045237603452 20.970117592516267
284 10.607194679391762 0.9956137197841042 11.602808399175867 11.42238282938208 1.5641465702033257 0.0 0.22037671841426398 287.790009007375 289.7466034240877 37.74429793462908 3.55837955800045 21.730212675967017
285 10.509315619711074 1.0010011322914818 11.510316752002556 11.32261240210668 1.505300475179651 0.0 0.21525369654854423 285.8056723639685 287.75934581439935 36.27477303372769 3.4753036020946335 22.491625525421767
286 10.409706548163019 1.0061745707528222 11.415881118915841 11.220546300995814 1.4492780483443513 0.0 0.21028366500307613 283.75874574904987 285.7002196915161 34.87875436773333 3.3947237072240193 23.254323252856516
287 10.30835224202542 1.0111217856934474 11.319474027718867 11.116149653561129 1.3959193410600343 0.0 0.2054611677311614 281.6480881064688 283.56744494141157 33.55189043132066 3.3165501193139892 24.018272302627267
288 10.205238921684119 1.015830149716197 11.221069071400315 11.009389638910335 1.3450737565124573 0.0 0.20078097269432646 279.47259789347487 281.3592830651901 32.290094615057015 3.2406968090658004 24.783438444018017
289 10.100354507875657 1.0202866780556927 11.12064118593135 10.900235959350134 1.296599571882622 0.0 0.1962380615216326 277.23122191025857 279.07405156094865 31.089534922538178 3.1670812977037053 25.549786763788767
290 9.993688888389295 1.0244780770493611 11.018166965438656 10.788661365368885 1.250363689968865 0.0 0.1918276196957516 274.92296533594816 276.7101403485223 29.946621904354547 3.095624495694673 26.317281658723516
291 9.885234257701452 1.0283907708804187 10.91362502858187 10.674642259147467 1.2062410819770437 0.0 0.18754502821316898 272.54690308614306 274.26603045649074 28.857995722567335 3.0262505393071923 27.085886828178268
292 9.774985463822631 1.0320109588008606 10.806996422623492 10.55815935657488 1.1641144676009019 0.0 0.1833858511265756 270.1021925365215 271.7403150745176 27.8205134756674 2.9588866369036992 27.85556526662902
293 9.662940414159824 1.0353246713780535 10.698265085537876 10.439198424869993 1.1238738548581308 0.0 0.17934583214951183 267.5880877670496 269.1317231082122 26.83123657547605 2.893462941267456 28.626279256219775
294 9.54910052301437 1.038317838356585 10.587418361370956 10.317751091395085 1.0854161112132228 0.0 0.17542088359114347 265.0039554550959 266.43914535611657 25.887417848550577 2.8299124138507015 29.397990359310526
295 9.43347120704743 1.0409763657228137 10.474447572770245 10.193815723169124 1.0486445442133743 0.0 0.17160707948706266 262.34929238457175 263.661663323757 24.98648918703671 2.7681706909099533 30.170659411025284
296 9.316062414018598 1.0432862262974554 10.359348640316053 10.067398373278003 1.0134684961103808 0.0 0.16790064839172578 259.6237446549743 260.7985806366316 24.126049689673728 2.708175965804366 30.94424651180003
297 9.196889219399287 1.0452335576788139 10.242122777078102 9.938513787214836 0.979802955489355 0.0 0.16429796656941095 256.8271286661636 257.8494569120878 23.303854366626684 2.649868876311366 31.71871101993078
298 9.075972446786276 1.0468047765379302 10.122777223324206 9.807186458376998 0.9475681877726734 0.0 0.1607955518967334 253.9594536728603 254.81414382871907 22.51780345054703 2.5931923881854244 32.494011544121534
299 8.953339333255437 1.0479866939820612 10.001326027237498 9.673451717503568 0.916689385622379 0.0 0.15739005494913852 251.02094562648975 251.69282298646897 21.765932332915426 2.5380917133389596 33.27010593603228
300 8.829024184835397 1.0487666723829263 9.877790857218324 9.537356835815222 0.8870963396217411 0.0 0.15407826350689036 248.01207244954313 248.48604498199975 21.046402126472316 2.4845141708969867 34.04723228282684
301 8.703069149193297 1.049132747923114 9.75220189711641 9.398962116144302 0.8587231289615067 0.0 0.15085706885681238 244.93357033850592 245.19476893518936 20.35749084902586 2.4324090932593947 34.82495362938671
302 8.575524865909628 1.049073804203839 9.624598670113468 9.258341940627266 0.8315078330181465 0.0 0.14772350615447724 241.78647020028123 241.82040149986548 19.69758520066809 2.3817278238675015 35.60259908457466
303 8.446451199581215 1.0485797221273248 9.49503092170854 9.115585737884373 0.8053922592598689 0.0 0.1446747075077259 238.57212406996294 238.36483418443336 19.0651729090209 2.3324235595377276 36.38021624056542
304 8.315917876329513 1.0476415766805032 9.363559453010016 8.970798827444318 0.7803216930659461 0.0 0.14170791707049318 235.29223080761088 234.8304776090143 18.458835631453965 2.284451246272452 37.15784644373697
305 8.184005103987564 1.0462517887811318 9.230256892768697 8.824103094999344 0.7562446625278788 0.0 0.13882048257003365 231.9488600185043 231.22029115192603 17.877242368040115 2.2377675518459794 37.93552525232424
306 8.050804076808744 1.0444043094950788 9.095208386303822 8.675637449487748 0.7331127203185115 0.0 0.13600985091402143 228.54447338729832 227.53780630984983 17.319143350531544 2.192330777093013 38.713282881850674
307 7.916417372244448 1.0420947946315042 8.958512166875952 8.525558012628407 0.7108802410017347 0.0 0.13327356400443371 225.08194217714663 223.78714203493925 16.783364386640965 2.148100786293007 39.491144638335825
308 7.780959171022747 1.0393207634034507 8.820279934426198 8.374037993980721 0.6895042327987579 0.0 0.13060925474748197 221.56456006112435 219.97301034062275 16.26880163091383 2.10503894085574 40.26913133927816
309 7.644555374687392 1.0360817410653906 8.680637115752782 8.221267210377771 0.6689441638471122 0.0 0.12801464324963874 217.996049996003 216.1007106055984 15.774416729164694 2.0631080361365073 41.04725972241745
310 7.507343374363951 1.0323793980201657 8.539722772384117 8.067451217985457 0.6491617961654413 0.0 0.1254875331901831 214.3805638443394 212.1761112664336 15.299232329603988 2.022272241218748 41.82554284227139
311 7.369471744432022 1.0282176343991432 8.397689378831165 7.912810038287954 0.6301210407315668 0.0 0.12302580836131827 210.72267422120615 208.20561797808287 14.842327944574038 1.9824970415108505 42.60399045444963
312 7.23109953587775 1.0236026695427536 8.254702205420504 7.757576475630801 0.6117878119226198 0.0 0.1206274293673389 207.02735737273483 204.19612783127738 14.402836139181964 1.943749184012711 43.38260938774512
313 7.09239539805873 1.0185430615843252 8.110938459643055 7.601994042794495 0.5941299083442523 0.0 0.1182904304748907 203.29996674703372 200.15496982484024 13.979938985255886 1.9059966251158356 44.16140390399978
314 6.953536394934192 1.0130497084579948 7.966586103392187 7.44631453123982 0.5771168782692678 0.0 0.11601291660671369 199.54619728223767 196.08983246400877 13.5728647230823 1.8692084808079448 44.94037604574886
315 6.814706576181081 1.0071357988309 7.821842375011981 7.290795282660197 0.5607199172947165 0.0 0.11379306047165354 195.7720403819566 192.0086800449535 13.180884732114837 1.833354979160146 45.71952597164143
316 6.67609531809854 1.000816720695987 7.676912038794526 7.135696236596585 0.544911762329572 0.0 0.111629099824236 191.98373039905326 187.91965983489442 12.803310741827316 1.7984074149819118 46.49885227963752
317 6.537895471270546 0.9941099270008201 7.532005398271366 6.981276843436904 0.5296665952208024 0.0 0.10951933484735937 188.18768370499663 183.83100290861384 12.439492207169401 1.7643381065351793 47.27835231798254
318 6.40030136212502 0.9870347607042399 7.38733612282926 6.827792941677954 0.5149599531795218 0.0 0.10746212565203654 184.39043184113336 179.75092180318416 12.088813888281178 1.7311203542044533 48.05802248395629
319 6.2635067040299015 0.9796122433811046 7.2431189474110065 6.67549370185636 0.5007686454906406 0.0 0.10545588988839578 180.59855057876715 175.6875083633124 11.750693605800977 1.6987284010258448 48.837858510399954
320 6.127702479546085 0.9718648330383051 7.09956731258439 6.524618736626617 0.48707067602768134 0.0 0.10349910046263233 176.81858695052415 171.6486351481109 11.424580157954551 1.6671373949832642 49.61785574002012
321 5.993074857237759 0.9638161581390949 6.956891015376854 6.375395467312243 0.4738451711344194 0.0 0.10159028335459314 173.0569864372379 167.64186355616124 11.109951386736256 1.6363233529844239 50.398009387468576
322 5.859803205719784 0.9554907356650366 6.81529394138482 6.228036822746486 0.46107231246575253 0.0 0.0997280155312403 169.32002249329847 163.67436142087172 10.806312381514752 1.6062631264344212 51.17831478919801
323 5.728058262092936 0.9469136815900776 6.674971943683014 6.082739327723315 0.44873327441456745 0.0 0.09791092295132411 165.61373046611814 159.7528322721905 10.513193809346287 1.5769343683290993 51.958767641096145
324 5.598000504374827 0.9381104220973326 6.53611092647216 5.939681617590325 0.4368101657792343 0.0 0.09613767865689808 161.94384772798463 155.88345780628666 10.230150362155443 1.5483155017943089 52.73936422389649
325 5.469778767040596 0.9291064134627027 6.398885180503299 5.79902339421146 0.4252859753543604 0.0 0.09440700094753485 158.31576151118148 152.0718544099285 9.95675931174742 1.520385690000934 53.5201016163639
326 5.343529126909886 0.9199268776912506 6.263456004601137 5.660904818363644 0.41414452115233535 0.0 0.0927176516332225 154.73446554468714 148.32304390725577 9.692619164359598 1.4931248073896866 54.300977896256555
327 5.219374073964219 0.9105965599464679 6.129970633910687 5.525446315960475 0.4033704029865829 0.0 0.09106843436242937 151.20452616988436 144.64143807478354 9.437348407194188 1.4665134121430188 55.08199232906766
328 5.097421969998426 0.9011395123249041 5.99856148232333 5.392748760235312 0.3929489581777448 0.0 0.0894581930214709 147.73005819190703 141.03083599310165 9.190584340138516 1.4405327198441957 55.863145544541354
329 4.977766786224513 0.8915789073089643 5.869345693533477 5.262893989257253 0.3828662201693991 0.0 0.0878858102021383 144.31471032620115 137.4944328439312 8.951981985660048 1.4151645782677102 56.644439700963815
330 4.8604881017832495 0.8819368826596677 5.742424984442917 5.135945587942549 0.3731088797038755 0.0 0.0863502057342367 140.96165976392462 134.03483851065246 8.721213070774187 1.3903914432474413 57.4258786372351
331 4.745651338972562 0.8722344181668135 5.617885757139375 5.011949903332264 0.36366424859281277 0.0 0.08485033527999272 137.67361507320038 130.65410430804224 8.497965076732838 1.3661963555714665 58.20746801271396
332 4.633308198551911 0.862491244031385 5.495799442583296 4.890937217694991 0.3545202257664319 0.0 0.0833851889875659 134.4528264718207 127.35375601124018 8.281940351280369 1.3425629188557775 58.98921543484086
333 4.523497272997634 0.8527257771297412 5.376223050127376 4.772923035876021 0.3456652654544961 0.0 0.08195379020083464 131.30110240037777 124.13483143277287 8.072855278335023 1.3194752783511567 59.77113057453808
334 4.416244787156687 0.842955090122879 5.259199877279566 4.657909438044379 0.3370883473543128 0.0 0.08055519422294669 128.21983118798738 120.99792099482444 7.870439501073295 1.29691810063989 60.55322526938393
335 4.311565447253592 0.8331948935836879 5.14476034083728 4.545886456687878 0.3287789486459063 0.0 0.07918848713112335 125.21000678701226 117.94320987372846 7.674435194586154 1.2748765541811626 61.33551361456723
336 4.209463373065082 0.823459551442142 5.032922924507225 4.436833443383552 0.3207270177252972 0.0 0.07785278464040069 122.27225730655923 114.97052050854309 7.484596384542282 1.2533362906660257 62.118012041615216
337 4.109933024115986 0.8137621076186934 4.9236951317346795 4.330720397590831 0.31292294953673355 0.0 0.07654723101408546 119.40687517959485 112.0793544785173 7.300688308575083 1.2322834271449998 62.900739384898955
338 4.012960189993223 0.8041143276780759 4.817074517671299 4.227509236128839 0.30535756239382994 0.0 0.07527099801884007 116.61384843560892 109.26893296261089 7.12248681736814 1.211704528892933 63.68371693591679
339 3.9185229500568486 0.7945267525566049 4.7130497026134535 4.127154987844186 0.2980220761879227 0.0 0.07402328392230581 113.89289216179147 106.53823518839702 6.949777801992583 1.191586592977436 64.46696848535278
340 3.8265926110989343 0.7850087605121882 4.611601371611123 4.029606903109971 0.2909080900781098 0.0 0.07280331253145195 111.24347934258117 103.88603445148213 6.7823566891208085 1.1719170324993982 65.25052035291357
341 3.737134606576162 0.7755686348631514 4.512703241439313 3.9348094721516103 0.2840075707093425 0.0 0.07161033226980806 108.66487072847677 101.31093143675358 6.620027954275718 1.152683661475278 66.03440140493872
342 3.6501093512580556 0.7662136349412794 4.416322986199335 3.8427033497671617 0.27731282236530885 0.0 0.07044361529180061 106.13723691432504 98.81138469829709 6.462604610163169 1.1338746803320867 66.81864305979015
343 3.558938581778078 0.7629908910194982 4.321929472797576 3.753226186842627 0.27081647792897423 0.0 0.06930245663260148 103.67877175810564 96.38573825638949 6.309907782492625 1.1154786619880044 67.60327928101863
344 3.4832574121805333 0.7477095560773269 4.23096696825786 3.666313371224601 0.2645114806561282 0.0 0.06818617339195036 101.32560941564395 94.03224634935395 6.161766320501788 1.0974845384925391 68.38834655830534
345 3.403175000422416 0.738718169069152 4.141893169491568 3.5818986820901113 0.2583910689604689 0.0 0.06709410395034193 99.03812066426076 91.74909543770372 6.018016396456752 1.0798815882012998 69.17388387617866
346 3.325410813218601 0.7297583479699744 4.055169161188576 3.4999148630343972 0.2524487620578297 0.0 0.06602560721633322 96.79667841483376 89.53442360062155 5.878501139999199 1.0626594234620055 69.95993267051075
347 3.2498316527258337 0.7209071326402243 3.9707387853660583 3.4202941197695793 0.2466783464141927 0.0 0.06498006190344173 94.61883446273995 87.386337493265 5.7430702935436 1.0458079787890826 70.74653677279078
348 3.1763822826548123 0.7121671390435589 3.888549421698371 3.3429685486821317 0.24107386294629102 0.0 0.06395686583547913 92.50283006395931 85.30292705026123 5.611579887346694 1.0293174995055707 71.5337423421711
349 3.105006683235599 0.7035404388471146 3.8085471220827136 3.2678705025817036 0.23562959492740168 0.0 0.06295543527903173 90.44709242664453 83.28227812847678 5.48389193297511 1.0131785308322228 72.3215977852944
350 3.035648441870989 0.6950286139752291 3.730677055846218 3.194932899892577 0.2303400565543008 0.0 0.0619752043019715 88.45002337861892 81.3224832815616 5.359874133987986 0.9973819074041009 73.11015366389337
351 2.9682510810119282 0.6866328084435868 3.654883889455515 3.124089483097049 0.22519998213400652 0.0 0.06101562415676287 86.5100108096386 79.42165086092538 5.23939961273516 0.9819187431961167 73.89946259017059
352 2.902758314678629 0.6783537776778573 3.581112092356486 3.055275033310009 0.2202043158524379 0.0 0.06007616268767341 84.6254385217787 77.57791261674747 5.122346652251474 0.9667804218403069 74.68957910995302
353 2.839114319495844 0.6701919301379088 3.509306249633753 2.9884255429835114 0.21534820208916383 0.0 0.059156303760752205 82.79469488574452 75.78942997428864 5.008598452299259 0.9519585873179067 75.48055957362176
354 2.7772639148372606 0.6621473691889086 3.4394112840261695 2.9234783577459926 0.21062697624528567 0.0 0.05825554671564727 81.01618006967254 74.05439915012178 4.898042898677541 0.9374451350101352 76.27246199482319
355 2.7171527359163603 0.6542199291178918 3.371372665034252 2.8603722838375427 0.20603615605344308 0.0 0.05737340583836608 79.28831209203204 72.37105522759204 4.79057234497815 0.923232203092552 77.06534589695237
356 2.6587273726196297 0.6464092083558012 3.305136580975431 2.799047671128056 0.20157143334123948 0.0 0.05650940985403915 77.60953196595308 70.73767535332877 4.686083406025318 0.9093121642583442 77.85927214741243
357 2.6019354820296763 0.6387145994747239 3.2406500815044 2.7394464758166053 0.19722866622111304 0.0 0.0556631014389191 75.97830791270614 69.1525811818625 4.584476762288199 0.8956776177568224 78.65430277965534
358 2.5467258781877224 0.631135316160834 3.1778611943485564 2.681512300286554 0.19300387168171781 0.0 0.054834036750771045 74.39313877918701 67.61414063826716 4.485656974604069 0.8823213817338639 79.4505008029961
359 2.493048601275791 0.6236704176645598 3.1167190189403504 2.6251904184300026 0.18889321855720725 0.0 0.05402178497689774 72.85255675136521 66.12076911346543 4.3895323085942195 0.8692364858616232 80.24793000020198
360 2.4408549687151058 0.6163188309500803 3.057173799665186 2.570427786693899 0.1848930208526576 0.0 0.05322592789908559 71.35512952224472 64.67093018518125 4.296014568196785 0.8564161642455551 81.04665471286172
361 2.3900976235124807 0.6090793682496056 2.999176991762086 2.517173043445883 0.1809997314051282 0.0 0.05244605947475872 69.899461840823 63.2631359289906 4.205018942577469 0.8438538485971007 81.84673961453014
362 2.340730531026548 0.6019507481701014 2.9426812791966492 2.465376498605134 0.17720993668267007 0.0 0.05168178543365556 68.48419661003351 61.89594688744437 4.116463847797277 0.8315431616610975 82.64824947164779
363 2.2927090296335257 0.5949316067928762 2.887640636426402 2.4149901152283 0.17352034795919713 0.0 0.050932722889459395 67.10801565977523 60.56797175446694 4.030270778838623 0.8194779108876836 83.45124889223969
364 2.2459897919851413 0.5880205156249552 2.8340103076100966 2.3659674845217973 0.1699278002639202 0.0 0.0501984999657241 65.76964009850772 59.277866824826724 3.9463641916028815 0.8076520823384374 84.25580206239034
365 2.2005308590088624 0.5812159905524811 2.7817468495613435 2.318263795547223 0.16642924443912072 0.0 0.04947875543549096 64.46783051700793 58.024335251828035 3.864671372063507 0.7960598348170671 85.06197247049222
366 2.1562916073965033 0.574516504406738 2.730808111803241 2.2718358007113837 0.16302174291675683 0.0 0.04877313837411014 63.20138687178086 56.8061261504936 3.785122307353682 0.7846954942158367 85.86982261927382
367 2.1132327380430715 0.5679204960184562 2.6811532340615276 2.2266417779800767 0.1597024651932672 0.0 0.048081307824705585 61.96914809802818 55.622033578305334 3.7076495672123797 0.7735535480688939 86.67941372560502
368 2.0713162553643567 0.5614263786547851 2.6327426340191415 2.1826414906109255 0.15646868188284324 0.0 0.047402932475744515 60.76999165432392 54.47089542095764 3.6321882116155693 0.7626286403039473 87.49080540807746
369 2.030505441345597 0.5550325473758718 2.585537988721469 2.1397961450878 0.15331776632990987 0.0 0.04673769035027117 59.60283290552211 53.351592206574 3.5586756547452905 0.751915566184555 88.30405536235976
370 1.9907648300370178 0.5487373857954002 2.539502215832418 2.0980683478317954 0.1502471749707754 0.0 0.04608526850634341 58.46662438947264 52.263045868320226 3.4870515641468813 0.7414092674353496 89.11921902433313
371 1.9520601735568515 0.5425392715983262 2.4945994451551776 2.0574220611730714 0.14725446860190358 0.0 0.045445362748168856 57.36035499852591 51.20421847224764 3.4172578340381197 0.7311048275427694 89.93634922100235
372 1.914358416392108 0.5364365808646281 2.450794997256736 2.017822558987641 0.1443372857475798 0.0 0.04481767734759994 56.2830491096478 50.17411092455378 3.3492384375518855 0.7209974672245052 90.75549580918097
373 1.877627656981444 0.5304276934210381 2.408055350402482 1.9792363823416308 0.14149335010446257 0.0 0.04420192477552052 55.23376563696465 49.17176167015064 3.2829393220845615 0.7110825400609144 91.57670530195647
374 1.841837114957522 0.5245109984145852 2.366348113372107 1.9416312954178754 0.1387204650665313 0.0 0.04359782544275613 54.21159702810797 48.19624539238408 3.2183083662229777 0.7013555282818732 92.40002048293003
375 1.8069570987608656 0.5186848876829294 2.325641986443795 1.9049762419535958 0.1360165105311611 0.0 0.04300510745012035 53.21566828425334 47.2466717220495 3.155295289065792 0.6918120387031873 93.22548000823356
376 1.7729589709093647 0.5129477734634961 2.285906744372861 1.8692413023788168 0.13337943985045064 0.0 0.04242350634730909 52.24513598487762 46.32218396238585 3.0938515755858504 0.6824477988066312 94.0531179963232
377 1.7398151098497678 0.5072980831651732 2.247113193014941 1.8343976517984582 0.1308072769204328 0.0 0.04185276490016091 51.299187236350065 45.42195783541772 3.0339304054378213 0.6732586529578746 94.88296360554814
378 1.707498880427037 0.5017342581198101 2.209233138546847 1.800417518938323 0.12829811340107664 0.0 0.04129263286613556 50.377038633775264 44.5452002539467 2.975486585031371 0.6642405587572099 95.71504059949906
379 1.675984597014258 0.4962547601076565 2.1722393571219145 1.767274146143188 0.1258501060604888 0.0 0.04074286677754925 49.47793526659849 43.691148122573814 2.918476482700678 0.6553895835177235 96.54936690013103
380 1.645247490760121 0.4908580713765626 2.1361055621366836 1.7349417504950817 0.12346147423705564 0.0 0.04020322973232966 48.60114971578518 42.85906717145206 2.862857966810824 0.64670190086595 97.38595412866336
381 1.6152636767637165 0.4855426958075532 2.10080637257127 1.703395486272458 0.12113049741359351 0.0 0.03967349119201594 47.74598106657993 42.04825082023207 2.8085903466508695 0.638173787460563 98.2248071342553
382 1.5860101219600877 0.48030715986359684 2.0663172818236846 1.6726114077430019 0.11885551289801322 0.0 0.03915342678670596 46.9117539415534 41.258019077930435 2.755634315972125 0.6298016198244305 99.06592351046073
383 1.5574646138022477 0.47515001334659646 2.032614627148844 1.642566434890527 0.11663491360513924 0.0 0.03864281812668032 46.09781755528358 40.48771748411174 2.7039518990378757 0.6215818712856686 99.90929309945666
384 1.5296057297658288 0.4700698299871702 1.999675559752999 1.6132383186634438 0.11446714593480736 0.0 0.038141452620475025 45.30354479256094 39.736716080876384 2.6535063990587604 0.6135111090235806 100.75489748404927
385 1.502412807728942 0.4650652078869827 1.9674780156159248 1.5846056082878268 0.11235070774149096 0.0 0.03764912329912577 44.52833131163977 39.00440842008357 2.6042623488948955 0.6055859912155909 101.60270946745818
386 1.4758659172502135 0.4601347698321201 1.9360006870823336 1.556647619624385 0.11028414639103351 0.0 0.03716562864641529 43.77159467366346 38.29021061011108 2.556185463912301 0.597803264281321 102.45269254087465
387 1.449945831756852 0.455277163494017 1.905222995250869 1.5293444047200895 0.10826605690027942 0.0 0.03669077243479692 43.032773499001514 37.59356039747363 2.509242596887697 0.5901597602200248 103.30480033879947
388 1.424634001660116 0.4504910615318447 1.8751250631919607 1.502676722533026 0.1062950801556517 0.0 0.03622436356689089 42.31132665096792 36.91391628385072 2.463401694861638 0.5826523940381277 104.15897608215484
389 1.3999125283867395 0.44577516160986536 1.8456876899966048 1.4766260108051183 0.1043699012069152 0.0 0.035766215922292885 41.60673244706718 36.25075667785695 2.4186317578449517 0.5752781612633993 105.01515200917352
390 1.3757641393266047 0.4411281863408305 1.8168923256674352 1.4511743590542683 0.10248924763249176 0.0 0.03531614820946979 40.91848789777828 35.603579080773414 2.3749027992890057 0.5680341355423913 105.8732487940646
391 1.352172163690635 0.4365488831652969 1.7887210468559318 1.4263044826551319 0.1006518879731243 0.0 0.034873983822628976 40.2461079800067 34.97189930537005 2.332185808235336 0.5609174663182825 106.73317495345584
392 1.3291205090764888 0.43203602621284487 1.7611565352893337 1.4019996979760108 0.0988566302304751 0.0 0.034439550703315044 39.58912491519354 34.355250726881984 2.29045271306416 0.5539253765860852 107.5948262406139
393 1.3065936395064737 0.4275884082717157 1.7341820477781893 1.3782438985382124 0.09710232042785413 0.0 0.0340126812065946 38.947087480376545 33.75318356515464 2.249676346765929 0.5470551607222877 108.45808502744053
394 1.2845765542264302 0.42320485050612827 1.7077814047325586 1.3550215321633967 0.09538784122998946 0.0 0.03359321197163716 38.31956037833356 33.16526419693949 2.2098304136639286 0.5403041823862951 109.32281967424491
395 1.2630547639041652 0.41888419902010704 1.6819389629242723 1.3323175790741983 0.0937121106193103 0.0 0.03318098379657038 37.70612362421627 32.59107449730236 2.1708894575202935 0.5336698724910365 110.18888388729131
396 1.2420142784146455 0.41462532185164336 1.6566396002662889 1.3101175309131732 0.09207408062607045 0.0 0.03277584151740049 37.10637193488563 32.03021120909721 2.1328288309605488 0.5271497272401788 111.05611606412505
397 1.2214415791003617 0.4104271100636645 1.6318686891640262 1.2884073706454755 0.0904727361097854 0.0 0.032377633890910966 36.519914106474424 31.48228533945791 2.095624666155332 0.5207413062295626 111.92433862667527
398 1.2013236028285161 0.40628847789517364 1.6076120807236898 1.2671735533109403 0.08890709358986526 0.0 0.0319862134813383 35.94637245585129 30.946921582267773 2.059253846701844 0.5144422306105528 112.79335734213363
399 1.181647726622153 0.40220836186189546 1.5838560884840485 1.2464029875918292 0.08737620012298754 0.0 0.031601436550749075 35.38538229327393 30.423757765579392 2.0236939806496257 0.508250181313026 113.6629606316106
400 1.1624017448154218 0.3981857210740239 1.5605874658894456 1.2260830181632498 0.08587913222532781 0.0 0.031223162952912397 34.83659151863949 29.912444322975443 1.9889233746184907 0.5021628973258679 114.5329188665669